100
8 21 95
75 42 -175
19 84 115
54 72 284
54 65 -85
38 55 -201
73 10 245
1 8 180
26 20 210
77 74 -297
52 83 125
0 10 -181
77 29 3
44 36 -173
28 90 192
95 29 -153
94 54 -290
91 7 -282
71 85 -109
82 14 65
37 67 -100
14 19 10
33 96 -8
88 40 180
15 20 70
8 15 251
7 61 -95
17 52 -136
36 24 250
79 58 64
44 47 183
45 62 154
7 47 102
51 36 194
31 51 -186
2 11 129
5 19 -210
63 36 295
27 24 -29
29 55 281
46 0 28
81 97 -258
36 4 -210
90 8 -22
85 39 81
99 93 -7
81 99 212
71 62 -100
18 41 277
89 23 -268
70 69 184
99 50 281
41 38 -162
83 29 -254
13 66 237
95 65 -117
40 46 82
4 70 296
4 88 89
33 30 12
18 0 -67
54 51 -264
36 45 226
26 80 7
24 94 173
13 41 239
96 81 137
30 85 -41
78 41 -300
68 27 230
32 45 82
66 51 -166
54 39 231
80 65 -189
88 41 -195
61 55 -254
52 51 279
42 82 -236
1 60 -294
53 80 -167
83 13 -70
18 31 -119
52 85 21
35 17 238
46 5 -20
52 19 135
50 71 38
82 13 -280
46 67 233
4 20 -187
37 56 78
19 74 -291
53 78 46
74 13 64
64 59 69
44 63 288
31 66 -188
70 48 277
90 46 144
75 51 -235
89 40 -227
67 12 -153
29 65 -23
75 39 -258
39 3 101
61 0 -183
1 31 135
13 1 -165
91 44 181
35 19 84
52 60 -75
25 28 37
24 57 2
1 84 -107
43 24 248
97 37 -100
66 38 132
1 52 -167
88 95 -271
69 82 249
54 35 -191
31 12 -11
20 89 198
74 42 183
19 38 59
96 20 253
34 52 -94
38 37 294
33 67 -37
16 68 -231
3 77 152
67 19 24
56 17 198
99 0 69
37 11 -111
24 7 -91
29 42 113
35 80 202
29 66 -279
44 82 -211
66 37 -281
18 4 -62
43 61 55
93 12 -192
63 1 -81
52 25 279
13 6 -279
22 19 102
66 53 -57
32 90 -38
3 95 -48
98 8 60
91 20 168
54 21 139
58 98 118
71 4 -109
49 97 -255
82 19 -84
84 37 -30
79 70 60
42 73 -193
94 71 -285
54 14 287
74 21 60
66 79 210
84 3 66
76 4 -237
73 86 134
41 22 -228
42 24 96
67 83 -158
90 99 -51
4 38 -77
25 99 89
57 9 -174
60 76 -246
16 91 79
3 26 20
77 98 -16
79 92 -292
27 59 -109
70 1 -158
19 57 -219
94 35 -168
36 92 -207
62 4 121
68 20 -87
47 75 -109
19 53 189
81 11 12
92 55 282
93 97 -47
2 30 -153
37 14 -117
29 8 -203
33 81 -235
64 29 285
84 34 -74
87 19 -241
51 83 -249
6 65 296
55 70 -101
38 17 36
52 53 -282
12 50 203
94 16 209
40 32 -209
78 16 -175
96 64 155
79 67 -87
68 66 -185
6 36 -97
11 89 273
77 21 -193
86 62 240
77 40 56
55 96 -288
51 12 -81
83 80 132
79 96 53
98 63 -289
34 66 222
23 40 250
62 17 -129
33 10 285
25 18 40
74 31 243
86 2 226
18 35 -242
14 40 -44
77 51 -210
96 26 213
36 76 227
5 99 -251
12 33 -189
97 10 230
89 84 -187
85 23 215
11 41 202
21 56 -58
77 85 46
67 81 72
32 69 -200
60 26 299
61 39 84
73 88 -205
55 30 231
68 15 54
35 78 -252
90 0 -144
32 77 -59
30 97 -125
2 81 -4
54 93 -77
6 55 114
54 37 83
84 69 103
99 75 -210
78 23 -20
30 79 165
7 73 95
56 0 -202
38 96 -296
31 71 210
86 37 -99
66 92 -210
1 76 211
56 76 -213
47 6 -238
79 36 -106
44 95 267
40 52 -33
90 42 -285
94 73 287
57 12 -176
58 30 -32
0 84 -155
12 40 273
99 39 -221
13 19 -233
7 63 14
26 55 66
93 45 60
61 92 -114
48 49 250
24 59 180
93 59 164
90 71 -243
63 22 -104
94 36 -233
13 95 83
27 22 38
84 6 128
76 44 28
25 94 53
84 27 98
40 67 100
3 89 49
49 25 -132
62 73 251
41 95 -10
87 62 126
46 91 -198
42 19 79
37 24 -285
64 74 -42
59 14 -223
60 69 67
61 18 -56
81 32 -183
33 26 -188
23 65 -173
1 11 -82
3 54 89
82 43 -234
49 59 -160
7 18 255
43 95 48
25 79 -82
58 5 30
33 71 -91
27 89 240
69 23 83
35 72 294
27 31 -87
34 68 -205
11 72 -61
58 73 264
37 91 -126
43 73 259
66 83 45
0 62 -66
41 83 57
76 70 181
71 98 212
36 32 -19
31 43 205
22 1 -70
38 91 -127
12 86 147
23 52 -218
68 52 196
2 45 -268
11 74 -98
44 45 0
57 33 85
90 64 180
47 87 134
78 77 -75
51 90 -289
50 65 263
88 65 -135
52 39 67
96 84 120
5 69 -95
95 33 -215
95 72 219
73 2 196
7 79 -191
22 15 295
42 48 284
7 13 -12
46 33 -216
82 53 42
51 10 89
36 95 184
61 67 -291
38 7 -177
17 68 45
32 64 -161
33 0 146
98 88 -56
31 72 26
36 66 29
46 56 18
94 40 -269
61 50 -6
76 40 -147
99 57 173
97 41 137
36 74 -163
35 73 -175
79 56 250
58 93 -184
39 91 -228
57 85 -35
67 34 -225
7 39 26
64 13 -225
57 50 -88
32 88 -1
57 65 -270
13 15 -212
58 84 -72
2 8 137
87 73 26
38 40 -288
13 99 152
91 63 -135
67 73 -233
31 5 -193
30 14 -27
60 27 -160
1 38 176
29 40 -15
18 79 -190
44 17 -249
9 82 -150
61 74 166
78 93 39
45 24 -204
53 6 110
78 66 -111
18 19 27
95 0 219
32 19 -101
42 15 68
51 48 137
77 66 -285
70 5 -287
46 53 -182
52 63 196
66 90 184
13 90 103
45 9 -298
1 74 133
99 6 225
56 19 71
9 89 -25
24 85 245
29 4 287
13 17 -122
39 23 255
68 46 -160
70 72 26
61 75 -275
19 0 -266
91 23 43
80 98 -280
18 95 -199
22 83 -234
39 13 134
54 4 257
9 73 255
2 95 -73
28 56 202
53 75 154
87 66 229
83 99 227
55 17 -77
56 39 -42
22 30 171
8 37 -125
66 46 200
21 0 195
1 28 51
55 34 79
97 91 -244
96 19 63
65 94 119
4 52 -7
87 75 -298
24 2 -280
22 3 293
23 98 -106
51 50 -250
85 81 -188
59 78 -197
67 27 74
31 92 -280
2 49 224
96 36 -1
2 70 234
5 63 -91
3 10 61
5 12 -2
86 76 57
17 31 277
96 58 -92
88 78 -290
58 77 -246
8 89 -244
78 76 -287
94 85 17
56 98 274
68 97 -87
96 6 -270
27 83 -274
85 43 66
16 6 108
71 64 185
25 73 227
82 3 203
95 97 140
64 5 -161
91 73 -164
4 21 -58
86 49 -222
64 86 -179
82 54 227
90 25 244
76 51 217
3 85 120
58 32 170
98 49 175
37 40 101
25 96 22
20 82 223
80 16 251
23 42 195
51 45 112
54 30 284
64 62 -94
62 63 -218
52 3 -65
77 99 9
49 33 -67
95 71 216
63 74 -61
57 69 290
2 33 -4
60 99 276
74 62 110
26 66 -255
54 57 103
39 57 86
86 80 2
50 54 241
7 75 231
62 8 279
46 77 139
97 5 214
60 15 92
78 60 -252
95 67 206
98 6 -185
85 93 295
87 95 149
81 54 224
64 68 84
44 67 -287
35 64 -81
49 24 -66
42 2 -253
42 50 -86
72 15 185
25 12 -37
58 19 -113
22 87 23
18 54 37
54 19 256
42 97 250
89 92 200
55 44 100
28 12 -262
45 74 15
10 38 273
47 16 1
66 23 90
72 42 -202
27 37 -260
25 87 -270
69 39 285
65 92 -135
77 30 -237
4 97 73
42 70 -246
71 69 270
24 87 -7
87 12 -13
77 53 -136
16 35 33
56 72 198
0 38 -172
30 53 -168
27 26 -126
49 80 -3
22 58 -252
36 17 135
1 4 -188
6 68 281
41 53 137
65 4 -11
55 32 19
8 64 -202
34 90 -101
69 21 -239
79 69 -150
51 53 -31
57 74 -50
50 27 139
15 83 180
71 15 -101
79 31 -251
66 73 -300
84 13 -279
5 74 -299
74 76 150
36 29 54
38 9 245
54 92 125
77 60 76
8 91 -123
26 17 -123
11 30 250
68 56 3
53 26 12
9 30 -51
38 36 239
47 81 93
40 58 22
31 95 163
40 20 94
42 89 -49
46 36 -64
51 62 248
60 44 249
51 80 189
98 13 -266
9 94 57
40 90 -80
12 22 -251
54 63 -248
52 99 -12
4 13 288
64 57 -10
15 89 231
66 2 17
8 25 126
18 93 102
68 47 114
90 48 220
5 0 -227
4 40 -123
17 29 293
26 71 261
15 2 179
87 94 98
42 76 -84
87 30 136
87 96 -174
31 36 -259
87 76 270
4 57 264
30 80 -23
97 82 -144
66 6 295
60 4 190
88 72 -123
18 9 -36
14 87 -100
83 71 -264
24 58 -136
47 63 274
11 45 54
40 43 89
48 9 95
43 22 251
23 63 229
32 27 95
20 79 -70
91 67 55
1 32 -98
64 58 65
62 12 257
57 1 5
18 48 100
40 99 86
3 23 249
84 7 -172
79 27 208
10 70 -225
17 72 107
71 88 165
88 2 -270
45 59 283
50 78 32
31 88 -227
6 37 157
14 66 89
93 26 251
16 1 168
88 61 -209
28 78 -221
31 8 -276
90 92 -274
20 24 128
43 7 -283
16 66 206
26 32 224
67 25 150
52 38 81
62 43 60
93 52 -164
35 44 214
56 20 42
99 79 -189
67 45 70
45 77 -6
64 55 197
82 48 -199
72 82 166
53 44 -291
65 37 261
1 24 -243
15 32 -23
10 31 209
21 51 154
91 48 -216
38 13 139
35 47 -61
25 65 263
91 54 -23
44 79 34
60 11 64
70 95 -27
43 98 179
87 98 263
77 11 102
64 11 -258
15 6 -192
81 69 151
87 46 296
18 33 -92
22 73 127
1 12 125
65 89 -211
67 53 0
61 5 -217
43 10 -167
61 81 -221
35 6 206
37 19 -217
72 21 -86
24 35 119
7 64 183
3 74 -284
50 23 -53
93 91 12
96 93 25
29 72 261
35 30 -250
6 14 152
67 38 -75
81 63 -40
52 22 224
35 25 -102
74 99 -280
17 63 116
11 40 -3
83 1 33
66 3 -9
58 70 -19
91 85 -7
85 68 -269
13 94 -218
97 2 23
37 99 -42
91 84 -224
94 28 -192
31 83 -70
16 28 -126
76 46 205
14 67 236
79 61 70
64 73 267
66 48 57
18 59 248
94 82 144
96 21 175
79 3 243
8 77 172
6 82 -214
73 71 -235
87 93 129
12 13 -152
61 70 -182
72 18 124
7 3 161
40 83 -274
0 12 198
59 46 36
1 71 263
82 36 276
82 49 46
16 25 -220
80 84 236
93 16 -34
34 51 -256
86 63 242
97 9 -22
82 79 131
5 94 -134
41 70 -252
90 68 101
11 36 278
44 68 262
80 62 -270
98 48 181
43 86 144
85 84 205
36 47 71
30 65 -35
52 14 -245
19 8 245
63 77 207
43 39 237
93 39 118
36 25 -286
74 9 219
90 27 -144
89 51 138
55 16 91
21 71 -189
88 42 -180
33 5 -151
92 0 -260
29 94 79
99 30 256
66 84 246
93 92 36
96 31 191
12 74 264
36 85 -48
78 57 185
36 58 77
36 98 258
30 29 9
13 86 -226
69 4 -190
16 49 3
52 46 -214
95 58 -40
59 94 -3
11 25 -93
48 61 -283
25 97 168
97 44 -207
62 39 228
30 89 283
82 35 121
29 45 133
40 92 183
51 17 142
51 78 159
76 27 27
11 7 -123
7 52 -88
52 6 -203
93 41 132
80 63 -39
25 48 202
5 34 -27
92 64 249
99 41 -244
52 54 34
71 58 240
68 3 181
0 83 296
62 60 245
28 73 -136
29 91 268
21 55 217
72 97 273
76 3 7
47 13 299
81 68 -49
29 82 11
26 98 -211
55 72 -46
61 54 35
56 7 -261
80 56 65
57 59 124
40 57 -7
91 86 -25
3 65 -74
44 72 50
50 33 -44
85 37 79
70 74 -247
87 83 -136
12 39 -211
88 64 281
73 83 236
28 48 -138
64 75 -95
21 12 94
91 22 132
96 62 267
58 1 -238
59 83 -292
94 20 288
12 15 99
39 73 20
52 67 72
46 94 -294
60 61 119
34 19 -228
48 94 7
59 77 15
54 97 -245
49 32 268
64 31 -193
11 57 227
73 19 -275
67 26 86
80 97 -28
0 69 273
46 29 -116
75 44 38
73 0 -261
57 20 -44
40 79 45
54 22 -84
84 52 185
64 49 210
16 70 -65
14 99 119
90 96 -142
63 48 -103
72 68 153
12 99 251
7 42 105
81 59 179
80 95 231
18 11 -168
55 63 142
6 34 -168
2 92 -253
71 22 247
98 42 -236
56 75 175
87 8 270
34 3 -194
62 10 221
55 41 119
0 40 222
94 12 -104
93 47 118
44 42 -65
0 17 162
85 58 -97
9 33 24
38 23 -13
84 87 183
77 34 -246
21 76 -11
73 46 203
61 71 -212
71 75 207
37 36 240
82 7 -143
64 20 47
39 59 31
26 95 108
13 49 282
89 90 255
35 93 68
59 82 -60
86 41 -171
22 82 43
41 16 -149
98 32 23
97 24 -117
28 50 -270
89 63 -121
71 5 -179
26 92 -86
48 87 89
90 16 112
24 12 -95
92 63 104
24 86 -199
48 21 182
71 66 182
3 72 -84
70 19 -281
70 6 109
60 75 273
36 39 -122
28 2 34
53 40 -112
53 14 -230
4 17 193
55 59 162
77 31 -66
48 89 95
60 64 68
97 3 -2
77 57 -267
82 50 -79
36 64 -257
92 81 236
15 33 -125
14 41 -14
57 31 -29
77 80 -273
76 57 -264
9 92 -14
82 80 150
77 72 284
13 40 269
88 6 110
74 82 -119
92 45 51
34 22 232
14 1 -292
24 90 169
16 76 3
80 20 -137
32 33 -282
95 59 -247
50 79 -146
4 66 -271
36 80 -18
96 56 272
65 24 249
28 0 -207
43 45 -243
75 30 -224
70 90 181
98 93 131
30 0 -13
96 29 -224
28 11 172
90 9 -15
62 82 113
63 27 -92
8 84 83
91 12 -294
81 93 -196
26 76 234
26 64 82
7 92 -289
19 64 -252
57 92 -231
91 57 -16
18 65 -156
3 48 35
15 54 68
61 11 -105
73 53 -220
81 45 143
52 62 191
59 20 -200
51 41 92
22 65 73
94 91 273
46 89 120
79 86 -37
31 0 206
90 73 -293
93 14 99
53 92 -139
26 14 -173
60 32 -251
6 75 74
21 30 -212
17 10 -26
90 17 -280
57 68 173
1 29 252
4 90 120
26 15 114
68 30 287
50 70 188
67 74 172
98 79 153
70 88 -279
44 89 -198
96 4 -237
52 95 183
92 87 -238
7 53 30
89 93 180
60 81 100
86 5 89
68 75 226
57 96 122
98 50 218
3 13 222
50 97 266
89 59 -75
94 41 -286
77 14 34
33 83 -91
11 92 157
33 90 -92
3 45 73
77 47 -230
43 88 -119
68 35 74
48 13 295
24 40 12
57 23 221
20 67 79
53 9 39
8 55 -188
85 54 235
28 43 168
48 78 -57
35 52 143
48 99 -32
25 24 -192
37 33 83
11 54 50
42 59 12
33 68 267
45 53 -179
32 34 -284
1 82 -54
96 69 -201
91 17 -250
74 20 32
95 62 -142
89 21 170
22 89 137
20 95 10
52 29 -221
25 53 -267
56 45 -299
28 30 61
83 77 275
41 67 97
61 85 -137
78 19 -23
63 96 73
13 75 229
9 93 290
93 22 17
34 89 -186
46 31 5
98 44 90
61 10 57
35 75 -237
98 18 26
78 27 271
94 38 -293
83 4 5
66 9 -197
11 52 -235
21 9 -280
7 96 -5
70 46 -82
68 25 -160
47 4 -189
32 41 110
37 7 -129
92 70 -225
84 78 -49
32 25 -178
30 44 -119
92 12 -294
32 11 -138
95 79 -113
1 36 271
42 46 -240
53 72 -155
62 16 182
92 67 66
18 89 -203
14 70 -59
91 68 169
5 54 63
4 14 -83
26 19 89
71 34 105
5 26 124
72 96 -86
69 10 236
10 41 -283
35 31 208
55 52 -210
44 92 113
39 82 250
63 16 -193
68 95 232
40 91 198
34 23 -5
51 58 -122
11 66 230
39 98 239
1 44 292
51 7 -140
11 76 -45
43 68 99
93 30 253
27 5 -300
30 42 82
60 96 77
51 95 16
17 1 248
9 32 -264
64 27 -43
63 20 39
68 99 144
20 30 -240
50 25 142
19 62 268
88 18 225
57 71 173
78 32 34
62 20 -201
41 77 -286
13 68 183
13 65 155
95 25 -294
72 20 68
82 66 79
53 43 -63
24 69 -233
56 3 82
29 54 123
6 21 -263
27 4 -198
92 59 -151
74 37 186
72 81 168
90 60 21
34 49 -102
3 17 -94
58 99 -165
42 34 -237
21 90 -135
67 82 219
41 72 -143
13 53 77
55 13 -201
49 44 -268
55 3 183
6 44 -162
19 97 -95
53 68 -102
25 77 263
78 55 -281
8 7 55
5 91 -290
8 74 101
76 31 -114
82 4 144
78 43 -85
75 0 69
96 99 -206
73 14 -75
28 85 -231
34 46 -72
53 87 176
92 69 -219
36 99 124
4 74 176
27 19 296
42 96 -24
27 65 211
73 93 200
57 6 274
34 98 195
15 86 294
91 90 221
67 15 143
83 68 116
1 79 142
94 31 218
54 64 142
80 50 -208
76 65 -22
22 56 -179
88 39 271
27 82 -240
63 50 176
64 81 -230
58 13 289
17 49 -257
34 43 -125
84 35 151
26 58 38
21 34 -221
60 5 106
43 17 269
45 94 -167
27 16 144
92 5 -139
93 0 -205
32 23 279
82 88 -95
58 39 184
64 34 -298
34 80 48
19 59 -136
63 51 270
77 96 -130
72 32 -2
78 38 -53
35 83 126
84 54 46
49 40 -200
35 20 148
6 31 -287
70 34 35
14 56 -72
18 69 -79
53 47 36
90 14 233
20 3 63
26 86 -172
15 47 203
72 71 270
91 66 121
12 88 -25
60 24 42
44 66 -144
77 48 -229
86 75 90
66 76 -137
81 75 -234
36 86 49
80 4 -129
68 92 0
72 26 -214
10 54 -72
76 30 91
9 5 -90
98 52 -147
78 9 -224
75 1 -274
31 70 19
84 56 220
44 40 278
54 46 -94
50 39 233
37 58 210
43 89 19
72 98 147
94 69 31
45 42 85
85 20 239
83 79 -179
59 29 -288
17 82 -153
79 77 -212
17 67 231
68 8 128
11 93 -135
83 84 -152
62 5 -293
4 32 187
86 32 -282
69 63 -227
92 10 -275
9 77 8
30 38 -163
93 83 2
76 68 151
91 25 -90
82 52 199
0 67 -81
69 31 -256
70 30 105
60 67 298
44 69 -74
12 72 -283
37 35 252
19 66 202
18 67 -131
89 88 -148
34 2 -155
55 77 -184
85 82 28
52 32 -28
74 58 236
98 76 226
33 28 -290
77 37 17
86 56 -300
15 24 -215
90 29 177
16 92 -152
96 54 -17
27 30 -178
67 50 202
67 66 78
4 15 283
94 97 -87
10 37 79
23 73 -199
96 9 180
60 88 210
56 1 103
58 20 21
74 16 7
79 39 132
80 68 -60
76 29 -180
82 23 170
38 76 -275
96 97 -202
85 22 -213
57 93 176
94 75 -49
10 82 -118
15 69 54
43 99 174
9 7 -161
47 83 217
96 80 -285
33 54 154
75 34 -254
58 16 47
24 83 68
67 57 59
18 28 214
1 45 -90
34 12 -105
85 40 -150
73 68 184
52 18 -98
33 63 -94
91 74 -58
9 44 222
23 45 -181
85 31 32
80 24 99
17 16 1
90 84 -115
61 62 -211
79 17 177
18 50 -260
24 93 -234
18 3 62
92 48 167
43 66 184
96 8 68
33 22 -69
23 1 100
50 93 -5
96 11 114
51 74 155
81 34 67
97 77 -288
46 45 107
4 24 -3
37 46 -20
80 13 -281
83 6 -233
81 82 -157
88 15 -223
7 19 -89
52 27 -273
81 83 -149
98 11 -267
98 69 -174
56 36 57
25 69 -109
7 98 -235
72 5 -16
35 9 11
62 90 46
13 21 267
63 84 52
61 27 250
6 71 15
31 41 -41
15 90 -140
0 25 -30
63 87 60
10 52 -67
29 16 117
81 77 197
84 18 272
25 75 95
80 91 -63
6 1 -125
16 54 108
97 70 278
78 99 175
61 12 30
50 96 200
23 21 30
0 96 177
80 87 -185
72 30 229
5 37 70
48 33 -242
70 57 97
66 10 -228
39 40 -176
88 17 -244
29 58 14
97 26 204
34 48 259
44 14 280
84 38 -280
47 38 -24
44 4 201
22 61 -265
70 20 -172
67 65 227
44 57 201
78 47 -58
22 13 274
58 3 294
11 50 -207
1 78 -249
5 22 -193
68 93 215
41 21 234
30 64 2
8 63 244
82 28 -30
64 56 182
10 57 12
61 15 -65
31 89 -33
98 30 -160
33 88 241
44 24 -233
95 11 151
37 16 -75
98 83 -88
19 9 -204
8 28 194
79 78 210
95 83 -146
19 50 -206
29 98 -243
8 67 -275
43 32 244
52 28 4
80 74 194
49 54 -128
11 49 -93
65 20 10
34 37 58
32 85 98
57 29 182
53 33 10
57 66 -163
3 15 -109
92 35 -5
12 45 -94
13 5 -21
47 42 -263
24 79 239
6 33 -75
69 42 -109
58 97 26
36 89 -287
31 53 -41
16 69 166
59 6 91
84 28 53
8 60 -7
15 45 218
9 42 -63
19 39 263
55 80 277
86 33 288
75 3 204
12 52 -217
66 60 143
11 27 188
28 42 -295
65 61 296
76 58 54
61 98 -119
78 86 -30
33 51 -278
32 62 0
65 77 -120
46 20 -169
79 88 -292
89 94 -179
87 27 138
41 5 277
63 38 -220
85 7 201
72 19 33
52 9 298
50 81 -170
29 21 190
18 15 63
5 42 -98
98 0 231
11 99 -103
12 71 -284
97 57 188
47 21 -8
10 91 -59
25 55 -2
40 10 -238
59 67 -19
8 23 -17
2 12 -215
25 22 -172
66 99 -117
64 70 -108
12 90 184
23 4 239
37 21 19
21 24 94
46 98 222
64 97 -194
10 87 -184
21 7 177
32 97 98
7 25 186
84 24 88
34 82 221
14 64 71
82 30 50
35 2 232
42 79 -183
91 30 -31
53 37 -54
22 75 -285
63 9 -251
33 98 -221
57 80 -239
7 15 221
42 17 -95
36 49 22
80 79 43
59 12 251
26 75 -139
75 59 -124
61 9 -292
56 42 -181
74 48 -93
87 54 66
72 74 -192
96 34 -228
48 12 -252
49 21 97
19 44 -229
97 61 22
72 84 262
26 50 234
52 58 231
86 82 -69
