50
19 29 -5
40 21 86
23 29 -106
14 32 -30
34 2 134
13 3 -138
25 2 3
27 29 -53
48 24 -112
31 40 -41
10 35 -1
31 23 -55
27 47 24
21 13 -142
43 49 10
30 13 -134
42 38 -80
46 18 100
45 16 26
36 49 -133
45 9 -96
47 42 -122
42 19 127
19 43 140
27 36 41
40 16 6
8 9 145
28 7 65
30 4 -67
7 40 33
26 36 -108
30 35 135
8 27 6
35 46 99
27 26 -14
19 18 54
13 22 -44
22 39 39
27 23 -54
17 6 -26
5 0 4
40 37 115
18 44 -98
16 43 -20
44 31 1
12 36 -122
38 1 103
47 24 -58
36 1 -83
34 20 23
8 26 -76
14 18 -139
29 38 7
34 5 51
14 49 34
17 14 -130
47 2 122
0 1 148
45 37 -51
12 21 21
36 31 47
12 46 -32
25 27 106
35 11 63
15 20 144
29 43 -8
33 15 144
35 15 89
22 14 102
46 37 40
27 35 104
25 5 -69
3 11 -84
16 25 -146
44 40 -23
40 19 120
34 4 -13
29 39 -148
20 14 -132
22 10 55
14 39 -108
18 15 147
0 20 59
18 36 -64
23 32 -72
0 25 -51
20 11 3
9 40 -7
9 31 -115
19 36 2
10 29 20
25 28 -128
47 39 91
36 25 66
20 3 116
45 2 -112
7 8 149
49 1 112
43 0 83
31 2 -7
12 22 71
41 47 -32
30 40 54
8 6 25
11 24 -78
16 12 -121
31 27 -127
43 39 -132
43 22 49
45 17 -88
20 38 53
19 7 -115
9 13 43
17 40 57
41 13 25
5 44 49
28 41 71
19 11 64
43 10 -38
34 49 27
3 8 115
14 21 8
31 12 -33
22 25 142
27 21 93
45 47 123
38 18 42
35 9 48
46 34 132
47 13 -15
5 28 101
26 39 82
40 8 56
17 1 33
39 46 -70
18 8 -138
0 29 93
48 15 75
45 30 -37
2 9 -86
30 0 -101
21 8 105
38 11 41
21 17 30
42 25 94
46 42 -137
44 9 140
41 40 -47
43 1 70
24 1 119
45 11 74
35 25 17
41 34 -135
11 48 -118
8 41 -53
42 41 -11
43 11 -85
46 32 60
10 8 -52
35 26 65
22 19 -51
39 4 -89
0 2 -5
8 45 92
13 48 -120
23 0 -14
36 16 32
18 28 44
26 28 79
4 43 1
23 43 -10
27 6 43
32 2 -147
27 44 -34
25 24 -23
18 49 128
4 35 96
38 3 -26
33 32 3
14 36 -2
18 12 41
0 3 23
2 7 -49
46 23 78
23 3 146
22 33 102
8 29 -59
13 5 26
45 10 40
34 9 -42
46 2 69
37 2 72
11 4 79
14 3 -45
44 26 -42
43 48 -9
22 27 14
17 38 -43
15 47 51
34 37 56
9 0 110
38 16 15
41 3 105
16 41 -28
46 8 -10
34 15 143
43 36 117
30 44 -22
30 7 16
48 22 -88
8 14 -85
16 6 112
19 6 -120
26 18 -79
12 35 -86
47 18 -43
39 30 -85
21 37 81
19 10 -105
30 24 13
25 15 38
7 27 -31
34 48 40
46 33 -143
44 1 -36
30 38 106
10 5 -121
0 39 -1
10 34 31
34 47 -121
16 24 -56
6 32 -77
21 16 -34
5 23 -138
44 49 -52
7 4 -23
7 43 -122
17 28 59
3 27 140
21 4 -14
27 38 60
5 6 -19
22 24 -112
47 37 -53
39 31 -102
37 38 2
48 45 14
17 5 -53
34 18 -1
44 23 5
30 16 -105
19 15 86
0 13 24
41 17 -107
38 15 38
3 45 -103
22 3 -5
13 14 -19
31 14 -123
4 2 103
22 49 72
39 35 -125
2 11 -34
22 4 56
39 45 -41
35 42 -66
38 39 -3
2 20 -72
16 49 -116
38 6 -112
43 28 -11
16 20 -25
41 22 -62
7 46 -55
13 36 140
25 21 82
24 6 63
46 36 32
46 20 -128
15 32 100
27 16 -69
23 11 47
22 32 135
33 43 11
41 7 -142
27 39 54
49 13 -142
10 28 -10
11 10 95
38 32 -26
47 19 113
11 22 -13
20 39 -129
29 40 139
33 39 -48
41 2 -120
3 12 43
6 13 -96
43 9 64
15 0 85
28 48 -133
18 39 100
9 41 94
13 23 -72
28 16 59
14 46 -64
18 29 92
34 35 137
45 1 -98
32 45 -144
0 34 106
11 25 102
25 48 -120
3 16 141
39 9 57
35 45 28
17 37 12
2 26 -141
6 28 54
9 26 -88
12 1 12
44 6 -121
38 48 -62
34 25 -98
23 39 107
0 48 13
8 43 55
11 7 -60
20 33 2
34 36 -83
29 45 -54
17 43 34
14 28 -32
42 31 94
3 24 134
13 19 92
10 37 133
49 4 -88
44 0 31
39 36 97
17 7 -11
23 40 145
21 39 -140
41 31 36
3 18 -69
9 32 77
11 15 66
47 14 134
4 6 136
7 29 -21
23 37 -31
7 25 -11
23 12 71
26 32 -147
37 16 80
48 33 49
47 48 85
21 11 135
2 16 69
29 44 -106
18 13 101
24 8 77
2 40 80
13 39 -108
14 37 90
49 41 -4
22 2 -19
25 20 -48
4 14 -3
24 29 -52
19 33 -27
27 11 -23
20 43 17
22 45 -86
21 36 60
44 41 -56
28 45 49
18 43 -81
48 4 98
10 24 -80
32 21 -16
6 10 -53
2 1 93
23 14 41
0 42 -111
35 21 -5
1 4 -113
36 10 -4
19 45 -149
29 42 -147
30 37 128
47 29 28
29 41 -45
0 38 61
42 37 -102
2 35 109
49 5 -146
17 36 -115
37 44 -53
35 3 -131
30 19 8
30 23 94
45 33 102
31 18 -132
1 34 -76
38 28 73
31 25 -140
36 44 -113
12 47 -95
13 43 -70
13 1 71
34 21 22
18 45 -89
48 20 -106
26 31 -118
20 18 90
8 5 59
14 35 -3
37 12 136
8 31 14
12 26 140
38 7 -128
14 10 -144
24 17 117
46 21 133
31 20 -70
42 3 -82
40 13 51
4 19 -55
4 9 -28
33 24 -66
40 0 52
7 47 25
41 30 -102
23 47 57
17 3 125
7 16 26
11 37 -127
31 34 -42
22 46 101
43 32 -134
26 30 89
25 38 -92
28 15 -135
28 34 -135
12 19 26
48 21 -117
44 24 -51
23 34 -139
39 12 94
31 37 -66
49 7 -37
43 35 149
11 47 20
27 15 -69
1 15 121
4 25 -25
48 10 -80
2 42 107
49 8 -52
24 14 -75
1 27 15
24 28 -144
5 26 -132
28 30 -38
37 9 120
44 42 55
9 11 64
5 2 -85
13 2 -60
30 27 -107
7 44 -33
41 36 42
2 8 -78
45 4 -136
26 17 -130
30 32 136
35 24 -84
14 12 72
16 23 -88
34 16 -112
1 18 3
29 37 24
9 20 10
28 11 -134
1 22 54
18 37 25
38 5 101
26 16 -99
24 20 -58
35 36 93
23 49 -148
24 49 -21
25 33 -25
39 11 141
40 15 -31
14 29 -106
29 22 -84
39 15 26
23 9 127
26 7 -4
32 13 59
1 29 38
11 29 138
27 18 5
31 29 116
32 44 -127
33 38 -142
23 18 126
32 11 53
0 21 -88
33 42 102
45 20 -149
19 38 -121
49 12 64
11 17 -34
34 30 -80
44 10 -72
7 39 -34
14 42 130
47 36 134
13 46 -134
15 26 140
14 38 106
