20
13 15 11
5 12 -39
7 9 -45
16 6 -38
8 11 28
18 17 25
5 19 19
15 6 -15
17 14 29
2 9 37
13 14 12
17 12 57
10 19 -14
18 15 -8
0 3 -24
0 14 -7
14 4 -55
3 6 6
13 0 32
17 9 -36
14 19 -36
13 17 31
5 9 -13
13 10 -19
19 7 -48
3 4 -53
2 18 -28
7 10 49
4 11 -46
19 3 -30
13 9 2
12 15 -28
5 14 -49
16 5 -49
6 9 22
12 0 39
19 2 21
16 14 27
17 11 -59
2 12 3
15 7 27
11 7 56
8 17 12
1 5 -2
8 12 -33
17 3 -32
0 8 24
18 12 29
19 6 -8
8 6 -5
16 10 -38
3 14 2
12 16 -22
10 15 -55
17 2 50
14 18 -28
3 8 12
2 14 -55
0 9 -7
7 17 -19
9 11 -36
15 5 9
4 17 5
12 19 -23
15 1 -49
7 13 38
1 7 43
8 1 -22
4 0 -44
4 12 -33
13 19 -32
18 19 -23
6 14 -9
7 14 -16
9 4 53
2 6 0
1 19 -1
1 9 -37
15 8 -50
9 3 -12
3 5 -21
4 16 30
15 17 58
10 11 -40
5 11 -36
0 16 -2
8 7 -31
11 12 0
11 2 -24
14 8 10
17 19 31
5 17 -51
17 6 7
5 13 29
9 18 -31
6 10 38
13 18 -12
10 9 -41
12 3 58
13 1 -19
