1000
92 35
21 48
12 28
78 10
63 42
97 82
3 70
67 37
6 73
46 43
23 91
17 18
17 54
84 39
98 61
36 42
48 10
90 12
38 68
22 54
62 72
36 18
42 55
7 1
81 54
96 4
97 65
74 66
20 10
5 70
23 94
12 71
56 54
84 94
74 58
48 89
82 37
7 77
92 14
78 25
20 26
30 18
91 4
36 63
15 42
33 38
88 45
62 44
51 98
90 26
8 39
15 91
28 22
68 72
88 98
76 28
31 67
84 67
83 51
61 16
42 49
14 4
45 65
54 36
43 62
27 58
5 55
32 25
27 73
23 25
34 99
5 65
19 90
32 2
41 94
70 83
95 84
39 41
2 45
77 97
8 4
56 65
59 40
91 86
13 14
64 47
66 69
12 37
59 97
39 53
91 61
88 86
98 80
27 0
25 56
49 33
60 5
51 19
98 42
58 11
8 74
11 74
43 23
63 55
20 54
60 63
16 48
2 14
80 29
66 6
86 15
91 98
73 42
70 71
84 28
34 93
54 45
19 97
21 83
4 41
89 64
57 5
65 59
71 45
40 37
3 78
5 95
77 78
37 47
1 74
27 35
67 81
81 38
30 2
21 87
95 63
3 4
68 20
63 40
18 56
29 21
34 86
16 63
64 6
62 17
80 89
53 99
22 86
37 5
44 87
74 47
92 42
68 7
15 16
59 50
2 76
65 19
34 28
36 14
69 89
13 92
27 50
49 67
61 93
7 35
92 99
30 60
58 64
98 74
32 58
76 35
86 41
69 42
86 39
32 99
83 11
1 84
31 63
29 38
50 21
34 47
97 84
73 29
94 49
16 80
91 22
52 12
65 38
3 49
89 38
60 43
74 43
58 3
81 8
25 70
41 11
70 90
95 43
71 90
22 88
62 75
52 27
76 7
46 89
32 8
76 66
16 1
36 9
12 58
99 60
54 71
50 99
11 72
39 73
47 91
1 65
99 29
72 46
70 74
19 55
82 95
49 9
12 13
68 11
73 22
34 75
73 45
48 12
19 47
3 72
12 55
1 36
1 24
79 96
19 0
47 68
9 59
34 29
22 59
3 57
2 83
40 73
82 96
45 47
51 99
35 4
23 98
76 54
94 95
54 93
4 2
45 27
61 48
36 96
77 38
31 69
64 14
65 9
13 68
60 48
24 35
46 0
89 41
48 95
86 16
11 91
18 8
18 31
8 54
80 37
44 11
7 8
77 24
45 82
91 69
18 37
30 22
7 17
38 18
60 8
39 38
84 19
76 80
83 35
41 12
59 63
55 56
45 46
26 15
35 0
75 18
22 82
87 60
52 47
68 82
25 59
20 61
31 96
41 14
31 34
78 43
97 33
51 43
31 29
58 19
29 85
37 51
67 24
11 71
71 31
53 48
61 74
22 2
88 6
89 18
1 86
29 35
82 40
54 11
25 91
15 45
67 78
16 38
62 22
38 5
48 99
79 70
54 19
28 43
37 29
29 41
82 11
77 16
51 31
79 28
75 94
25 42
33 87
64 71
92 12
34 25
90 63
20 27
92 49
21 26
12 98
94 63
81 26
92 56
72 17
99 97
59 32
84 23
55 76
87 26
99 22
3 41
37 23
21 81
8 37
40 54
1 21
80 45
30 53
62 29
50 74
13 87
97 68
15 37
47 15
11 50
56 48
74 77
71 89
36 11
44 89
85 76
81 49
96 84
23 61
71 72
81 86
9 28
53 72
31 62
20 57
91 50
56 63
91 44
86 11
64 72
26 97
73 74
81 48
73 17
91 34
97 96
7 28
85 50
29 93
65 21
90 91
8 76
3 24
0 81
22 43
60 95
12 3
30 10
51 89
38 10
16 76
12 46
69 77
19 59
68 79
87 23
56 88
57 30
62 65
37 36
8 49
84 21
52 66
83 4
55 73
66 23
49 30
21 19
7 40
30 27
72 18
3 28
6 60
25 47
56 85
97 92
58 1
58 41
57 65
15 75
89 16
5 62
35 64
55 18
92 27
36 47
7 42
14 84
16 70
69 13
15 80
67 25
73 24
91 88
0 32
46 92
22 1
10 66
28 98
13 35
40 20
4 6
56 21
86 44
82 12
71 34
0 1
1 2
2 3
4 5
5 6
6 7
8 9
9 10
10 11
11 12
14 15
16 17
18 19
19 20
20 21
21 22
22 23
23 24
24 25
25 26
26 27
27 28
28 29
29 30
30 31
31 32
32 33
33 34
34 35
35 36
37 38
39 40
40 41
41 42
42 43
43 44
44 45
46 47
47 48
48 49
49 50
50 51
51 52
52 53
53 54
54 55
56 57
57 58
58 59
59 60
60 61
61 62
62 63
63 64
64 65
65 66
66 67
67 68
68 69
69 70
72 73
74 75
75 76
76 77
78 79
79 80
80 81
81 82
82 83
83 84
84 85
85 86
86 87
87 88
88 89
89 90
91 92
92 93
93 94
95 96
97 98
98 99
99 0
196 128
191 143
173 113
144 135
179 125
134 192
160 126
164 117
133 120
190 162
150 128
106 159
134 127
190 116
140 114
150 188
194 141
131 167
107 128
155 186
153 189
131 165
167 195
182 100
168 124
114 170
153 172
129 139
100 172
155 192
186 157
180 132
150 164
152 157
192 107
196 197
148 127
162 115
174 197
168 194
173 134
164 126
107 194
165 107
166 172
151 104
181 131
136 132
147 188
189 191
195 137
188 143
164 103
111 191
152 131
185 125
165 102
104 172
196 169
131 114
194 182
118 175
166 154
107 113
195 149
105 190
138 145
186 103
100 149
146 152
180 183
178 145
185 182
118 133
103 101
147 149
184 117
125 150
172 184
115 119
185 172
109 124
118 147
179 118
196 125
123 128
160 153
174 146
179 190
145 179
140 181
196 117
183 120
153 199
171 101
163 141
100 194
112 149
171 187
177 131
140 103
177 127
147 109
117 145
140 109
178 136
126 162
109 180
161 100
171 184
101 186
178 102
180 190
177 180
182 117
184 112
144 183
180 113
123 159
121 110
133 134
111 156
118 164
142 196
118 122
138 169
125 167
102 108
136 186
172 180
121 145
146 102
158 121
113 111
174 134
174 160
120 137
116 138
101 111
187 120
133 125
141 111
193 143
171 129
181 143
162 155
188 160
109 198
181 122
161 155
108 135
167 128
118 174
195 105
146 180
131 139
191 176
135 162
105 168
157 119
123 197
179 184
195 112
158 157
168 166
144 187
146 117
171 165
143 118
122 141
151 153
180 194
181 115
109 139
136 166
158 111
164 138
196 111
150 154
120 170
173 165
158 119
134 181
136 177
152 159
170 103
197 146
118 106
137 154
173 195
117 189
185 113
100 188
168 173
110 141
138 120
112 172
102 101
101 106
160 171
109 176
173 158
174 191
165 111
197 190
107 167
131 144
180 131
132 100
104 143
193 194
163 106
118 117
107 119
123 119
142 184
147 116
143 122
159 108
185 109
150 144
176 181
189 156
164 121
157 121
116 102
115 132
108 134
149 167
105 125
138 148
109 186
116 152
160 175
112 145
184 162
190 160
143 131
169 108
152 178
129 121
180 196
153 141
130 154
179 199
188 141
137 104
193 197
179 106
194 116
168 136
128 164
172 120
127 153
193 160
149 198
153 132
104 113
120 136
164 108
177 101
112 122
150 143
128 197
159 149
133 140
113 101
189 137
173 117
190 166
129 191
116 182
123 120
147 143
156 112
103 185
165 167
108 168
111 136
165 122
137 198
162 102
199 152
191 124
121 133
142 150
125 158
184 148
192 187
173 161
115 133
129 126
121 194
148 159
144 163
113 196
115 105
120 188
190 163
190 115
173 174
164 104
105 108
144 101
155 169
162 122
102 191
148 123
137 149
164 148
129 179
105 102
119 195
165 109
111 190
183 127
195 140
187 191
141 142
160 155
117 162
198 165
137 135
169 130
172 150
161 129
152 180
176 117
141 139
160 124
166 107
117 105
198 110
100 158
166 117
172 164
182 161
152 101
185 173
183 109
123 145
138 176
177 167
145 119
106 105
195 125
112 164
130 162
175 130
120 141
147 144
157 182
106 161
135 143
134 118
153 110
115 143
186 145
110 131
116 169
189 163
194 153
128 176
116 103
159 188
196 158
185 105
192 143
167 127
186 153
198 139
115 165
135 101
110 145
185 126
114 126
142 160
179 170
137 147
173 196
136 121
154 173
126 199
116 145
126 102
151 176
194 166
142 129
120 152
126 105
131 141
183 125
153 114
195 190
162 120
138 150
141 145
144 191
117 122
193 168
199 139
186 141
120 106
145 147
163 128
140 146
153 145
136 175
120 126
125 161
171 100
191 150
138 136
118 189
128 156
182 148
163 127
147 178
108 139
125 113
185 138
114 173
165 134
199 142
148 171
142 181
131 128
121 149
169 101
105 151
102 120
131 149
141 176
104 178
166 118
151 131
173 153
134 164
152 165
144 125
166 114
127 123
165 181
130 147
187 123
123 192
101 141
162 104
124 167
107 149
120 132
116 106
148 120
123 193
197 189
107 176
165 124
157 113
173 140
163 135
104 117
176 167
121 152
134 180
101 155
113 117
161 113
189 185
106 186
126 165
163 143
142 120
108 115
160 168
127 176
155 132
193 131
199 166
100 101
102 103
103 104
104 105
106 107
107 108
108 109
109 110
110 111
111 112
112 113
113 114
114 115
115 116
116 117
118 119
119 120
120 121
121 122
122 123
123 124
124 125
125 126
126 127
127 128
128 129
129 130
130 131
131 132
132 133
134 135
135 136
136 137
137 138
138 139
139 140
140 141
142 143
143 144
144 145
145 146
146 147
147 148
148 149
149 150
150 151
151 152
152 153
153 154
154 155
155 156
156 157
158 159
159 160
160 161
161 162
162 163
163 164
164 165
165 166
166 167
167 168
168 169
169 170
170 171
171 172
172 173
174 175
175 176
176 177
177 178
178 179
179 180
180 181
181 182
182 183
183 184
184 185
185 186
186 187
187 188
188 189
189 190
190 191
191 192
192 193
194 195
195 196
197 198
198 199
199 100
0 100
233 247
236 240
212 253
254 225
294 291
284 281
269 201
244 213
243 216
221 258
277 242
238 205
297 270
298 281
269 216
216 254
215 253
295 227
258 249
205 253
240 241
286 209
242 230
274 286
298 248
296 227
242 234
232 239
204 282
272 225
299 241
280 214
246 275
294 204
276 251
209 216
292 247
277 234
229 204
272 228
252 269
255 294
255 288
285 212
270 258
237 221
299 269
288 245
244 234
201 272
285 263
288 277
210 218
263 240
222 236
220 226
257 275
272 212
215 257
276 286
267 266
259 218
235 247
215 232
281 269
204 218
232 245
295 294
263 259
286 237
247 206
263 204
234 235
216 249
244 245
287 212
211 247
230 246
278 280
215 235
298 299
280 246
245 295
257 284
232 204
290 295
208 276
282 276
221 213
238 284
212 221
283 211
219 261
291 286
248 241
237 228
239 282
223 248
218 255
252 261
202 212
237 236
241 263
263 214
229 253
226 282
204 245
295 247
283 244
241 220
224 280
255 248
229 225
255 233
286 210
246 224
246 287
239 261
201 268
215 252
262 293
234 266
239 230
214 274
226 255
247 250
287 254
250 268
279 258
202 266
268 248
290 266
287 229
228 240
250 295
293 212
288 279
278 279
209 244
251 253
290 239
207 240
207 238
250 209
204 270
209 246
237 248
228 217
289 278
212 234
242 252
213 272
232 275
217 238
262 220
243 204
259 250
245 267
240 247
228 297
218 290
243 207
238 223
224 279
253 288
213 295
292 279
268 224
254 237
214 268
273 217
259 270
236 200
217 216
297 287
258 292
294 249
216 270
228 269
210 294
217 203
225 285
274 294
299 231
203 272
200 263
294 288
215 264
257 264
251 215
208 298
264 276
220 245
298 231
239 215
286 216
252 265
295 226
211 246
209 215
271 210
230 265
250 297
281 207
213 285
223 221
283 287
298 255
232 248
286 223
215 272
239 267
238 286
245 201
233 254
216 256
216 298
221 267
295 255
274 208
240 297
230 275
237 280
230 221
280 217
297 295
241 288
262 231
227 259
233 212
213 201
268 230
200 241
296 223
204 236
221 286
263 210
218 294
231 250
263 280
269 259
288 296
218 221
208 231
222 276
213 222
269 262
270 266
286 226
254 259
212 218
269 282
212 252
233 277
231 202
288 219
250 206
292 210
289 215
286 203
289 255
217 259
273 203
285 228
262 249
283 262
284 215
289 269
244 220
223 232
292 225
290 284
235 232
251 273
287 293
280 204
204 254
208 290
234 270
291 232
254 275
294 290
242 283
259 287
255 234
271 299
259 214
284 294
267 233
280 247
237 285
253 297
227 287
268 218
271 274
245 265
264 288
200 275
227 208
207 220
214 262
231 233
247 263
248 234
234 227
273 202
246 245
228 243
262 292
283 215
219 262
223 280
213 282
200 281
226 266
299 243
272 232
280 221
218 215
248 291
269 246
288 298
242 251
242 225
266 262
242 205
275 295
286 201
261 282
210 213
226 283
297 206
256 215
221 256
258 243
255 299
241 249
250 235
226 268
297 266
261 292
271 236
239 258
290 200
292 200
265 218
235 262
277 243
229 250
252 240
293 207
239 286
256 241
222 234
209 219
201 222
263 224
258 202
255 227
201 220
245 236
235 222
232 216
225 284
256 218
291 295
205 299
236 227
285 297
298 286
219 214
211 230
216 245
230 271
224 231
244 270
220 279
244 252
247 269
240 279
299 245
230 288
224 267
285 274
254 257
288 217
287 205
214 217
228 239
261 221
203 257
225 251
227 213
207 267
244 258
264 226
246 240
293 284
214 299
241 203
268 280
260 283
249 288
274 250
213 235
223 268
292 248
219 271
213 278
290 257
237 206
246 229
228 212
216 297
292 276
232 242
216 206
244 229
293 268
250 237
268 221
200 251
291 237
258 227
220 256
256 292
269 236
204 285
213 217
291 282
275 287
263 220
207 213
258 276
235 219
210 235
272 280
228 244
289 284
236 258
273 293
296 258
290 209
228 233
243 255
272 207
276 280
272 234
208 207
205 218
294 227
219 266
260 248
263 249
284 251
207 209
244 203
268 286
265 248
271 260
267 279
224 292
265 232
299 270
202 294
298 221
212 258
221 275
259 258
227 266
267 223
222 287
210 239
235 281
299 239
200 201
201 202
202 203
203 204
204 205
205 206
206 207
208 209
209 210
210 211
211 212
212 213
213 214
214 215
215 216
217 218
218 219
219 220
220 221
221 222
222 223
223 224
224 225
225 226
226 227
227 228
228 229
229 230
230 231
231 232
232 233
233 234
235 236
237 238
238 239
239 240
241 242
242 243
243 244
246 247
247 248
248 249
249 250
250 251
251 252
252 253
253 254
254 255
255 256
256 257
257 258
259 260
260 261
261 262
262 263
263 264
264 265
265 266
267 268
268 269
269 270
270 271
271 272
272 273
273 274
274 275
275 276
276 277
277 278
279 280
280 281
281 282
282 283
283 284
284 285
285 286
286 287
287 288
288 289
289 290
290 291
291 292
292 293
293 294
295 296
296 297
297 298
299 200
100 200
319 370
301 311
336 385
362 358
387 356
308 361
321 318
382 348
377 340
327 396
308 351
318 395
361 309
383 394
308 374
320 379
344 373
342 332
311 305
343 398
313 351
359 334
370 394
335 399
334 362
395 394
313 365
342 326
374 325
321 335
399 393
314 395
366 357
380 377
314 323
328 327
326 339
314 348
333 349
348 320
311 343
366 377
309 360
303 383
385 376
370 336
369 337
384 388
394 364
317 308
339 397
387 365
389 301
314 374
350 362
346 362
357 313
391 366
373 394
302 311
323 372
399 344
361 383
384 355
399 354
315 338
351 355
356 340
356 370
315 307
384 361
321 341
326 312
360 352
358 314
315 333
338 314
378 300
307 349
316 375
340 320
330 348
312 386
370 379
345 354
341 318
347 319
330 359
371 341
325 386
374 364
353 352
316 303
367 323
304 335
398 344
355 380
344 320
367 314
399 364
320 392
383 368
312 365
379 335
306 305
374 381
369 327
333 385
382 352
360 386
388 311
383 395
391 327
315 310
342 367
375 362
359 310
382 323
311 382
319 385
363 340
364 348
377 346
301 337
384 341
348 367
336 340
347 304
350 389
371 377
303 382
387 386
358 363
300 369
345 371
306 360
311 370
308 388
368 309
325 352
350 326
320 339
366 367
343 368
308 366
346 311
348 385
349 306
348 301
327 345
372 333
305 335
303 314
323 371
375 301
324 378
317 393
315 312
313 323
378 311
386 378
397 388
337 397
341 364
343 366
350 348
301 353
314 325
377 342
326 353
320 305
349 389
398 316
301 363
339 331
375 377
361 372
317 350
369 359
367 364
325 317
313 378
303 399
321 381
352 393
386 353
382 336
369 383
366 327
390 328
351 307
330 320
366 397
337 343
314 302
322 337
381 377
336 355
311 341
348 349
394 331
386 316
366 338
317 366
313 368
374 395
340 392
393 377
388 307
379 310
396 313
339 333
368 350
374 368
300 320
399 338
336 318
328 313
303 345
331 368
365 357
363 305
350 356
335 338
316 314
300 312
379 339
345 347
390 371
316 342
392 367
385 360
345 388
305 377
334 320
327 336
328 362
374 344
329 374
357 308
366 354
350 322
343 382
302 329
342 348
369 399
377 378
321 311
348 378
363 374
375 392
301 332
300 367
338 360
384 377
338 380
359 341
361 301
341 330
352 318
308 373
381 310
373 381
389 336
356 364
380 309
348 381
376 386
341 303
303 378
380 393
310 339
334 371
392 327
353 344
345 362
369 379
324 342
360 313
331 316
329 311
364 338
308 319
368 388
312 378
327 399
301 371
326 354
367 324
368 336
303 393
331 363
306 362
332 336
325 309
365 370
315 329
308 323
300 328
312 313
306 391
312 307
363 390
313 382
314 382
319 317
375 302
316 365
374 387
311 389
368 371
365 369
351 377
334 309
368 398
316 383
388 382
366 355
364 337
372 339
339 305
324 355
322 346
333 312
390 353
383 355
322 387
332 356
396 353
306 365
336 395
347 354
350 311
391 374
302 382
332 326
337 306
324 386
355 309
398 346
363 333
301 385
320 386
394 317
339 300
334 327
347 381
334 349
392 325
324 346
360 308
324 349
314 349
358 337
368 373
371 321
307 305
312 346
357 346
326 305
379 360
354 371
337 330
369 397
390 394
347 357
395 334
379 305
372 347
379 395
320 390
347 355
326 304
361 333
364 316
356 354
398 326
351 341
372 350
398 319
337 329
324 361
328 355
308 348
397 398
376 344
305 303
301 359
307 362
344 324
330 300
378 329
322 302
332 320
321 369
349 398
382 377
340 354
347 346
309 348
357 316
340 341
353 370
322 384
300 344
386 384
316 360
305 317
358 387
346 363
377 324
314 317
378 362
363 387
362 372
355 373
373 348
367 379
318 389
363 370
334 301
354 302
361 359
320 371
398 366
335 375
390 301
393 320
315 308
359 378
381 315
351 306
315 318
337 385
360 300
308 394
354 314
326 368
339 324
335 374
300 377
353 357
321 386
324 372
345 339
377 303
335 385
399 397
356 325
366 347
350 353
373 302
330 301
347 380
344 352
338 365
391 362
354 384
318 331
387 353
386 351
345 304
350 395
309 324
349 391
325 396
372 321
300 301
301 302
302 303
303 304
304 305
306 307
307 308
308 309
309 310
310 311
311 312
313 314
314 315
315 316
316 317
317 318
318 319
319 320
320 321
321 322
322 323
323 324
324 325
325 326
326 327
328 329
329 330
330 331
331 332
332 333
333 334
334 335
335 336
336 337
337 338
338 339
339 340
341 342
342 343
343 344
344 345
345 346
347 348
349 350
350 351
351 352
353 354
354 355
355 356
356 357
357 358
358 359
359 360
360 361
361 362
362 363
363 364
364 365
365 366
367 368
368 369
369 370
370 371
371 372
372 373
373 374
374 375
375 376
376 377
378 379
379 380
380 381
381 382
382 383
383 384
384 385
385 386
387 388
388 389
389 390
390 391
391 392
392 393
393 394
395 396
396 397
398 399
399 300
0 300
462 438
491 424
479 427
430 464
446 413
403 451
481 492
446 449
430 449
494 486
499 441
447 423
400 438
462 421
438 476
411 430
401 491
409 483
497 410
459 478
454 405
479 436
454 425
474 453
418 473
429 460
464 429
498 478
403 489
455 414
471 408
457 480
491 464
488 440
427 499
419 433
404 450
470 410
428 496
415 446
470 444
407 486
426 457
464 481
498 419
447 469
427 405
402 471
421 490
411 448
489 482
482 445
485 404
407 413
400 422
411 422
419 470
408 497
428 425
444 425
448 424
482 450
447 404
492 410
452 433
493 486
478 430
490 485
459 454
417 478
425 426
403 405
435 499
423 465
485 422
469 429
433 422
462 478
408 492
408 451
477 403
494 489
457 411
419 434
489 447
491 492
452 427
492 435
462 467
453 400
490 422
429 423
453 405
436 461
456 466
464 450
455 473
413 426
460 403
473 403
495 478
482 439
465 445
407 418
497 449
441 478
424 437
422 477
442 411
438 450
477 454
452 484
427 466
410 439
421 436
443 468
414 425
408 479
422 467
450 419
416 491
498 440
480 472
417 475
483 407
425 460
461 430
496 440
496 407
480 469
443 475
437 409
452 445
440 475
412 490
446 428
481 444
420 462
469 437
489 452
444 414
465 457
444 461
498 492
420 430
413 415
457 451
424 409
496 465
455 483
441 489
479 462
403 448
451 492
453 496
458 418
405 455
479 455
499 452
437 413
467 494
464 492
456 412
409 492
425 416
427 467
405 407
481 408
407 432
452 460
480 411
478 486
418 410
493 417
462 431
430 481
477 446
425 433
459 434
478 436
451 405
455 408
464 436
417 424
469 421
484 401
484 415
439 402
477 433
420 491
416 402
472 493
449 450
479 460
484 457
496 487
414 452
496 431
440 465
455 461
486 491
463 423
458 402
425 487
487 497
478 403
400 403
497 401
453 476
461 489
485 409
477 451
413 425
482 454
490 489
415 428
451 491
485 429
479 472
428 426
412 477
427 465
405 440
407 490
402 484
441 415
461 476
469 403
465 437
431 446
467 435
490 404
416 469
477 442
421 491
434 400
456 439
481 495
499 422
410 412
450 432
415 416
421 499
414 440
486 404
445 402
473 474
496 452
431 417
443 465
418 451
456 411
467 437
406 418
411 468
400 498
430 421
497 444
462 483
401 459
437 474
433 434
478 464
451 421
481 421
425 489
484 492
426 442
462 489
411 493
451 463
437 441
478 451
477 479
410 414
453 495
400 484
411 452
405 492
425 482
433 462
474 459
456 437
448 419
482 452
483 426
433 472
420 411
423 497
442 485
480 412
432 491
416 489
435 493
472 468
407 498
479 464
487 479
483 470
431 418
448 417
490 468
480 465
450 429
471 482
493 403
473 461
492 460
406 416
428 414
415 459
478 402
439 413
424 470
432 473
487 422
493 468
488 411
443 438
421 485
469 446
498 413
407 404
430 487
418 445
447 448
499 438
462 424
408 494
449 448
416 494
468 456
405 411
447 497
477 468
482 446
466 480
459 473
413 455
486 412
456 438
450 418
462 410
464 463
458 432
457 478
489 463
441 436
412 470
456 495
468 422
427 428
448 464
421 413
472 408
498 427
498 460
437 462
475 448
494 484
478 435
499 420
471 412
490 427
402 486
439 450
463 475
420 440
455 418
467 405
430 456
467 457
404 413
442 483
449 441
455 472
453 445
452 412
456 454
451 447
460 471
481 432
463 488
451 430
493 433
491 443
478 426
426 433
451 480
430 403
444 439
457 495
486 465
401 446
436 434
479 451
422 482
481 467
467 419
479 458
414 457
443 492
435 422
425 486
402 408
489 446
447 498
494 433
463 495
432 451
430 463
402 404
497 435
472 464
407 451
475 421
460 470
414 496
482 494
499 472
493 446
470 487
432 486
434 464
489 464
427 444
469 424
479 493
440 486
496 415
460 457
486 474
453 430
465 435
425 417
459 470
463 482
409 495
420 443
411 409
408 490
453 429
466 485
422 407
423 418
474 483
475 412
409 480
461 499
455 481
442 466
443 402
409 496
431 475
433 405
434 457
476 409
492 403
421 402
484 464
429 452
484 473
431 474
480 445
473 435
426 468
454 421
470 463
470 454
490 403
411 425
400 401
401 402
402 403
403 404
404 405
405 406
406 407
407 408
408 409
409 410
410 411
411 412
412 413
413 414
414 415
416 417
417 418
418 419
419 420
420 421
421 422
422 423
423 424
424 425
426 427
428 429
429 430
430 431
431 432
432 433
434 435
435 436
436 437
437 438
438 439
439 440
440 441
441 442
442 443
443 444
444 445
445 446
446 447
450 451
451 452
452 453
453 454
454 455
455 456
456 457
457 458
458 459
459 460
460 461
461 462
462 463
464 465
465 466
466 467
467 468
468 469
469 470
470 471
471 472
472 473
474 475
475 476
476 477
477 478
478 479
479 480
480 481
481 482
482 483
483 484
484 485
485 486
486 487
487 488
488 489
490 491
492 493
493 494
494 495
495 496
496 497
497 498
498 499
499 400
0 400
587 534
505 591
555 507
575 572
536 579
556 509
562 583
541 507
508 577
586 576
583 507
599 598
577 505
588 533
516 565
545 504
599 550
595 507
509 522
531 545
501 587
554 515
570 596
575 579
525 513
507 560
572 506
510 502
511 598
535 528
516 580
532 515
583 579
574 592
501 505
590 554
545 544
521 515
592 596
546 569
509 554
581 582
512 591
584 524
542 571
504 558
551 588
525 586
567 500
531 520
557 521
526 502
517 547
570 562
544 516
531 505
522 565
587 535
556 523
594 515
556 598
555 582
584 522
582 567
594 591
540 520
594 558
519 564
572 563
532 555
569 555
520 508
542 577
532 553
575 526
568 584
576 523
566 513
597 500
580 543
591 521
515 537
531 534
553 503
598 538
510 519
593 531
579 587
560 511
540 535
590 560
519 518
535 537
531 532
537 564
527 581
585 542
518 568
576 572
523 526
562 533
597 555
516 577
542 576
540 534
564 582
594 583
501 529
573 532
513 510
596 540
591 533
534 562
553 562
589 548
562 538
555 578
567 549
507 508
583 571
506 543
558 579
528 571
563 533
510 597
547 515
559 533
592 500
581 506
591 536
536 558
585 543
518 520
514 561
597 573
504 555
552 584
578 594
561 541
580 523
590 527
538 550
513 582
502 594
540 593
583 577
504 520
520 522
541 587
583 590
560 540
598 564
524 576
511 537
570 543
570 551
510 535
585 565
582 526
510 565
503 514
537 575
589 530
562 572
521 574
564 571
591 541
547 502
578 517
545 591
530 567
542 540
503 579
557 585
505 520
502 508
534 539
584 575
522 598
500 543
573 564
566 564
557 565
518 536
535 563
527 565
582 521
500 515
522 558
535 524
566 521
516 502
597 538
553 549
533 526
513 551
516 560
559 551
575 538
516 509
511 574
547 563
589 569
521 576
546 540
549 514
594 546
504 547
595 589
573 561
540 567
584 556
579 543
508 506
533 524
598 563
507 539
584 581
521 517
596 515
589 588
524 529
508 560
586 539
503 546
546 588
570 514
532 521
529 591
512 513
572 580
596 545
549 592
513 564
593 528
527 582
516 551
512 576
563 550
516 566
596 514
506 518
528 538
539 557
582 504
570 554
552 585
511 565
549 504
593 577
538 561
580 550
538 544
552 506
562 548
520 569
519 500
559 510
509 541
514 531
548 550
550 500
535 561
517 585
571 594
506 561
538 510
519 553
511 591
522 530
591 581
540 500
575 555
584 523
557 534
523 593
595 540
530 512
502 544
567 525
590 525
539 529
582 547
550 556
529 593
546 564
576 530
564 562
579 511
575 556
505 542
534 595
520 573
576 556
583 558
555 533
566 584
579 556
505 525
520 582
516 523
574 595
534 529
537 561
503 571
596 533
531 580
543 538
565 562
574 544
518 532
521 590
514 580
502 582
503 577
529 537
506 585
598 595
598 554
519 554
529 515
539 513
595 535
503 513
597 578
509 515
510 531
557 576
563 560
558 567
537 539
556 595
576 555
542 574
580 590
577 520
555 524
507 559
589 504
589 599
571 551
582 580
527 545
540 537
512 529
576 569
576 504
576 519
578 589
532 558
531 561
530 587
586 537
546 575
593 535
526 564
586 508
545 565
554 537
554 518
519 582
539 595
586 567
556 599
522 588
560 505
527 598
542 573
526 536
560 552
552 598
513 549
515 567
587 569
537 506
551 529
553 537
596 520
571 575
532 572
597 508
515 557
560 567
507 573
517 522
592 556
591 582
562 542
511 515
531 559
587 584
564 558
559 509
542 592
581 524
571 578
532 586
587 544
553 594
518 522
568 562
578 559
553 507
560 584
567 547
568 583
506 580
593 500
524 526
524 595
557 556
581 596
500 586
591 570
509 511
585 539
571 581
532 524
541 592
561 508
543 549
561 536
549 537
515 573
581 565
520 534
552 563
556 513
575 541
552 546
522 516
576 520
517 519
569 530
508 571
568 575
544 552
599 578
512 522
535 558
562 539
556 537
553 504
566 581
576 535
500 598
565 560
569 585
535 565
538 534
543 508
554 555
576 517
599 538
556 555
575 532
537 580
589 555
561 565
590 513
563 556
574 584
550 531
596 593
500 501
501 502
502 503
503 504
504 505
505 506
506 507
508 509
509 510
510 511
511 512
513 514
514 515
515 516
516 517
517 518
519 520
520 521
521 522
522 523
523 524
524 525
525 526
526 527
527 528
528 529
529 530
530 531
532 533
533 534
534 535
535 536
536 537
537 538
538 539
539 540
540 541
541 542
542 543
543 544
545 546
546 547
547 548
548 549
549 550
550 551
551 552
552 553
553 554
557 558
558 559
559 560
560 561
561 562
562 563
563 564
564 565
565 566
566 567
567 568
568 569
569 570
570 571
571 572
572 573
573 574
574 575
575 576
576 577
577 578
578 579
579 580
580 581
582 583
583 584
584 585
585 586
586 587
587 588
589 590
590 591
591 592
592 593
593 594
594 595
595 596
596 597
597 598
599 500
400 500
602 601
621 691
677 638
690 615
647 697
642 679
634 674
668 690
635 686
632 600
649 640
626 686
682 688
636 665
636 681
605 638
634 626
681 611
617 623
678 664
620 672
643 606
646 664
648 633
650 681
634 651
621 612
637 655
652 625
621 688
659 678
678 693
656 659
605 673
682 635
637 654
608 633
661 654
649 609
688 699
642 674
602 664
686 640
671 639
617 692
679 676
622 658
670 679
617 627
614 642
606 622
627 667
629 676
629 669
627 671
643 629
687 681
621 659
672 639
603 652
615 626
610 637
605 679
616 609
651 638
605 678
657 634
606 686
655 633
658 698
663 645
632 684
675 660
608 643
686 670
680 643
602 697
652 633
628 656
623 633
686 681
620 693
667 675
626 677
626 641
675 610
678 631
666 653
643 627
696 681
697 629
624 651
678 629
685 658
637 660
643 675
641 663
668 609
691 647
638 617
640 613
679 618
697 645
672 640
649 698
673 679
679 610
637 616
671 681
692 612
644 612
673 687
611 612
604 652
677 635
670 674
681 694
615 605
667 689
627 668
687 653
648 667
663 685
635 634
666 627
699 663
692 624
650 603
688 607
607 666
642 678
692 623
624 607
681 643
648 608
612 636
661 660
655 677
697 690
663 664
670 614
627 662
639 629
636 625
645 631
655 638
606 631
697 687
675 646
696 687
634 609
699 689
638 696
631 602
612 601
616 691
615 607
621 685
635 609
662 680
640 617
670 647
600 668
634 675
614 682
614 648
644 665
689 682
662 620
636 626
674 653
618 689
660 639
626 647
648 688
680 641
605 650
688 658
670 622
633 636
657 600
684 601
665 625
635 679
646 672
606 620
677 676
661 689
615 688
689 615
628 669
656 686
671 696
644 642
671 677
630 628
629 615
681 647
692 616
626 638
640 684
610 669
660 624
611 627
664 600
695 692
621 651
678 644
600 622
638 671
652 669
699 633
636 632
680 628
600 607
619 693
662 604
605 625
683 621
677 678
614 698
682 644
695 682
619 633
653 623
602 604
656 690
636 637
619 688
696 690
681 639
695 629
621 679
650 699
657 616
697 691
661 644
673 632
678 626
655 632
682 611
623 618
648 642
659 696
632 640
636 655
636 683
684 658
614 687
657 624
603 606
615 616
651 689
648 681
667 603
613 650
615 636
620 615
678 679
612 662
620 600
618 656
635 654
666 650
641 675
674 697
634 689
613 637
630 662
618 698
665 631
648 632
620 668
600 650
648 612
613 620
664 683
676 651
689 695
601 631
670 627
617 693
693 699
655 611
697 673
695 645
657 615
666 657
665 666
621 630
686 637
665 614
689 607
609 690
638 632
688 687
663 682
686 619
645 636
644 692
681 601
659 699
611 677
665 632
607 651
670 625
666 611
632 627
601 622
611 671
692 600
610 655
634 649
626 631
685 670
624 618
624 683
618 635
660 635
619 620
687 641
697 605
652 629
684 606
651 696
648 640
650 682
641 677
665 678
696 623
625 666
602 682
609 641
623 606
698 628
634 638
678 615
633 678
607 636
660 648
613 626
626 664
688 644
693 650
634 647
632 643
688 608
650 686
621 622
637 661
630 645
645 662
668 624
627 688
651 667
684 644
669 618
692 602
662 632
610 612
619 698
601 692
672 677
643 661
691 673
658 640
616 604
603 636
680 682
676 631
601 661
675 670
679 619
672 693
652 634
657 623
684 659
615 656
632 628
684 675
636 664
609 613
695 610
674 623
680 605
642 605
651 694
691 608
617 628
667 632
636 608
691 606
687 675
635 659
675 671
686 663
636 695
628 631
657 654
606 638
660 649
695 611
643 638
671 661
666 639
693 655
647 636
661 686
663 648
698 690
620 684
654 608
632 682
691 689
637 698
679 649
612 690
665 683
603 683
674 649
638 673
685 652
652 610
691 624
646 697
632 678
632 676
668 621
674 647
670 673
615 691
617 619
674 644
668 665
617 605
606 621
691 698
698 638
647 682
616 679
600 684
684 622
657 658
656 673
601 626
692 627
670 612
692 687
617 661
669 624
674 633
698 621
653 626
651 653
610 635
676 668
645 684
693 646
610 685
674 680
649 618
620 666
632 689
690 667
649 616
652 600
638 619
645 618
696 656
606 624
600 601
602 603
603 604
604 605
605 606
606 607
607 608
608 609
609 610
610 611
612 613
613 614
614 615
616 617
617 618
618 619
620 621
622 623
623 624
624 625
625 626
626 627
627 628
628 629
629 630
630 631
631 632
632 633
633 634
635 636
637 638
638 639
639 640
640 641
641 642
642 643
643 644
644 645
645 646
646 647
647 648
648 649
649 650
650 651
651 652
652 653
653 654
654 655
655 656
656 657
658 659
659 660
661 662
662 663
664 665
666 667
667 668
668 669
669 670
670 671
671 672
672 673
673 674
674 675
675 676
679 680
680 681
681 682
682 683
683 684
684 685
685 686
686 687
688 689
689 690
690 691
691 692
692 693
693 694
694 695
695 696
696 697
697 698
698 699
699 600
300 600
769 750
719 706
776 700
755 794
720 773
778 761
764 797
710 780
749 762
770 721
729 713
766 748
710 774
754 786
702 757
795 771
707 715
729 783
767 736
730 739
710 708
752 726
758 714
758 707
777 729
728 706
794 747
754 756
773 760
743 776
718 738
799 777
705 729
713 724
765 743
715 727
703 767
753 761
782 712
721 759
793 701
717 787
700 724
796 774
784 739
750 702
729 749
780 735
730 793
711 748
788 727
775 743
746 781
757 728
739 738
731 757
777 784
781 773
758 765
764 760
720 794
709 752
781 792
797 792
740 785
771 767
780 718
748 737
746 741
719 738
731 751
747 709
787 728
734 745
745 799
705 717
793 766
769 774
758 718
718 750
755 790
718 736
708 766
725 706
760 745
796 791
748 743
752 735
723 787
732 769
786 789
738 731
707 760
705 718
778 775
768 734
765 738
770 725
705 747
784 717
792 732
760 792
776 713
727 799
752 711
720 738
700 759
721 760
719 778
778 797
753 746
731 771
737 753
748 742
701 784
711 745
717 771
738 793
736 717
744 788
729 765
778 781
724 799
741 795
777 719
744 783
718 728
754 755
781 702
749 734
787 712
732 756
783 770
749 720
739 793
760 720
710 739
702 786
790 795
781 768
767 726
703 737
754 757
744 787
774 750
757 706
706 740
728 707
712 719
753 773
740 763
764 794
750 754
789 783
774 708
709 777
745 715
755 798
734 781
748 791
787 707
784 767
714 796
786 767
721 726
783 737
772 785
792 714
768 718
722 730
748 768
797 734
732 744
787 772
792 771
791 758
720 778
778 793
756 761
731 729
746 775
743 714
793 717
744 741
785 742
776 795
746 760
791 732
745 730
704 737
702 748
748 774
719 734
787 750
715 785
777 710
751 723
728 748
764 713
742 792
760 788
705 703
720 702
734 777
740 788
777 740
714 703
766 733
789 705
736 705
790 713
715 741
736 795
789 753
761 731
797 721
772 702
777 744
705 711
773 797
799 750
737 713
705 755
798 795
760 734
700 750
700 767
743 788
763 733
741 724
716 791
797 788
793 774
733 750
785 758
799 736
709 788
749 714
709 703
734 761
705 734
781 749
723 744
782 716
720 750
707 769
739 753
744 724
755 781
734 707
718 743
795 719
710 791
719 771
794 706
733 700
792 766
749 767
710 783
784 782
733 743
751 724
748 747
700 704
729 735
711 799
778 758
770 740
749 742
712 796
748 797
796 740
763 797
708 725
780 744
707 765
742 788
758 742
744 739
777 707
738 708
765 760
754 712
763 702
709 711
795 772
708 755
797 740
751 756
757 790
767 799
778 725
794 722
716 771
781 706
731 747
766 732
714 721
796 729
775 706
740 722
730 700
777 728
792 728
736 749
771 703
701 749
780 795
724 796
704 721
734 770
742 730
751 717
788 791
792 719
743 769
799 735
750 735
737 721
791 790
722 771
785 798
720 755
704 722
757 760
726 734
707 714
726 799
785 721
768 784
709 718
772 798
791 763
788 714
786 725
712 706
780 768
729 790
781 724
733 764
762 759
798 769
726 776
768 711
798 736
796 707
707 768
705 750
783 745
716 769
770 729
776 702
749 757
792 730
781 726
794 743
737 793
712 763
769 780
775 719
769 723
726 728
743 783
730 726
728 747
795 750
776 723
753 777
780 797
708 762
723 754
757 761
747 770
776 769
702 751
788 723
774 767
702 734
795 783
781 743
733 757
766 738
786 799
736 794
713 711
749 770
724 748
792 701
717 747
752 758
770 779
777 774
748 779
708 744
762 789
739 748
798 757
738 784
779 721
786 780
744 710
728 788
763 798
735 716
708 706
747 785
716 740
791 731
729 782
740 769
763 748
744 794
722 782
774 766
744 755
754 708
705 790
776 765
748 775
750 780
770 718
720 714
796 780
780 788
750 743
737 746
738 759
780 764
777 776
719 731
736 776
773 764
741 721
739 743
753 762
762 773
776 763
774 724
796 754
713 798
704 790
704 776
773 741
752 799
705 746
772 745
789 726
759 703
751 735
711 715
732 776
713 782
730 709
722 743
785 779
785 789
755 711
782 707
710 788
785 795
760 744
798 712
731 717
790 794
784 774
771 797
709 753
706 783
797 791
762 734
733 717
755 782
729 754
736 780
700 701
701 702
702 703
703 704
704 705
705 706
706 707
707 708
708 709
709 710
710 711
711 712
712 713
713 714
714 715
715 716
716 717
717 718
718 719
719 720
720 721
721 722
722 723
723 724
724 725
725 726
726 727
727 728
728 729
729 730
730 731
731 732
732 733
733 734
734 735
735 736
736 737
737 738
739 740
740 741
741 742
742 743
743 744
744 745
745 746
746 747
748 749
749 750
750 751
751 752
752 753
753 754
755 756
756 757
757 758
758 759
759 760
760 761
761 762
762 763
763 764
764 765
765 766
766 767
767 768
768 769
769 770
770 771
771 772
772 773
773 774
774 775
775 776
777 778
778 779
779 780
780 781
781 782
782 783
783 784
784 785
785 786
786 787
787 788
788 789
789 790
791 792
792 793
793 794
794 795
795 796
796 797
797 798
798 799
799 700
0 700
819 849
860 814
834 835
837 831
844 890
838 879
839 881
842 874
866 811
871 834
840 879
841 875
873 834
856 827
822 836
898 842
886 858
808 872
893 897
803 889
839 893
821 879
827 815
805 845
878 876
879 819
807 821
846 880
807 802
860 829
839 858
823 877
868 883
801 862
832 856
803 872
802 876
803 829
891 808
826 870
836 858
841 896
831 887
876 838
889 888
819 880
846 843
809 815
878 810
829 811
819 884
835 821
813 838
850 804
898 828
826 886
886 867
882 817
806 811
807 896
899 827
822 890
865 852
852 894
863 871
830 850
892 843
888 894
800 838
823 826
825 861
846 859
831 852
870 838
800 822
865 829
820 839
871 885
892 823
831 855
847 813
806 839
809 846
834 809
837 809
887 814
870 833
873 801
886 896
892 886
870 857
867 890
849 838
827 841
814 810
848 861
875 806
800 884
805 886
845 842
847 833
856 870
866 881
823 804
877 815
891 847
825 810
889 874
849 868
867 815
830 815
876 806
822 828
890 827
867 888
869 814
821 877
836 839
858 860
896 888
827 887
887 852
897 877
878 898
897 845
813 828
861 841
870 876
814 889
816 835
803 837
812 892
829 822
852 825
810 879
864 898
884 813
827 814
864 876
856 873
871 842
860 893
819 874
882 887
877 873
829 806
895 833
883 858
865 899
808 849
812 887
863 876
863 875
806 872
800 829
822 885
886 856
873 847
845 850
820 875
808 868
860 891
878 825
890 886
874 854
825 890
883 840
817 841
812 818
870 827
830 844
812 869
852 837
816 897
887 889
824 895
809 885
886 887
810 828
825 885
883 850
827 866
842 844
807 855
814 829
834 897
873 898
866 877
836 882
874 823
823 899
871 832
884 809
871 894
838 896
831 873
898 810
891 893
807 850
800 873
879 834
870 804
832 836
881 820
871 807
844 894
806 867
879 842
876 850
899 820
839 849
883 830
842 890
832 842
828 886
867 861
833 845
892 866
896 871
861 873
873 850
839 872
870 879
874 805
861 816
895 846
809 839
897 829
852 871
829 886
817 889
808 812
832 869
837 805
819 876
830 841
807 804
847 821
872 894
867 883
857 876
823 854
805 875
826 887
813 895
828 829
856 888
893 840
809 830
897 880
806 827
822 866
883 821
887 808
867 854
891 825
882 866
894 857
827 807
888 860
848 881
800 857
811 898
877 812
836 813
833 823
873 852
829 816
877 811
883 809
851 829
818 830
888 823
890 877
835 838
810 836
895 822
886 885
844 815
880 882
855 853
835 836
870 864
899 805
873 803
833 874
815 875
803 850
813 814
838 861
888 876
898 832
844 896
864 824
830 871
830 865
807 852
882 806
809 855
861 895
899 895
821 866
822 825
817 888
891 807
801 879
836 899
863 880
847 879
856 878
850 838
895 809
867 851
885 829
846 884
876 820
851 850
845 820
838 836
827 839
867 863
839 830
895 838
861 852
816 863
890 812
872 833
889 891
884 874
872 883
811 800
803 862
851 800
882 841
836 861
881 855
877 872
885 872
876 827
861 819
891 885
852 832
859 801
823 870
801 878
832 804
878 866
846 866
827 879
821 804
851 858
877 813
856 805
892 817
824 883
854 876
816 831
817 875
884 840
897 837
871 829
842 849
847 888
868 874
867 841
831 870
800 860
883 808
865 876
878 890
811 832
818 827
815 835
854 899
828 851
837 851
832 831
800 831
871 820
858 890
862 889
860 862
849 895
823 852
856 835
885 827
814 852
852 842
872 841
893 857
824 846
888 895
837 880
887 849
842 836
844 817
855 868
869 863
855 806
890 869
859 805
890 811
899 863
804 845
872 880
843 860
875 861
859 812
842 846
835 857
853 890
877 875
853 832
881 896
854 840
853 844
803 852
859 807
849 883
887 892
844 814
854 855
878 896
801 891
884 836
801 838
863 894
880 869
887 833
813 890
837 825
850 887
808 837
879 804
804 885
859 834
833 813
826 818
849 827
808 880
857 873
864 820
819 896
889 806
829 855
897 818
832 847
805 892
836 837
897 892
874 808
827 860
821 853
878 823
832 838
862 882
815 803
858 838
814 842
837 872
835 825
861 884
818 835
892 845
895 814
850 825
889 882
815 892
811 885
813 826
889 854
800 801
801 802
802 803
803 804
804 805
805 806
806 807
807 808
808 809
809 810
810 811
811 812
812 813
814 815
815 816
816 817
817 818
818 819
819 820
820 821
821 822
822 823
823 824
824 825
825 826
826 827
827 828
829 830
830 831
832 833
833 834
837 838
838 839
839 840
840 841
841 842
842 843
843 844
844 845
845 846
846 847
847 848
848 849
849 850
851 852
852 853
853 854
855 856
856 857
857 858
858 859
859 860
860 861
861 862
862 863
863 864
864 865
865 866
866 867
867 868
868 869
869 870
870 871
871 872
872 873
873 874
874 875
875 876
876 877
877 878
878 879
879 880
880 881
881 882
882 883
883 884
884 885
887 888
889 890
890 891
891 892
892 893
893 894
894 895
895 896
896 897
897 898
898 899
899 800
600 800
999 944
988 942
933 960
929 958
921 913
976 957
905 973
904 971
923 982
912 957
997 904
933 976
967 970
941 945
911 995
919 911
991 908
905 924
968 986
982 942
999 911
951 956
984 955
980 960
989 992
969 987
997 902
915 916
925 956
962 936
903 933
999 994
941 956
918 962
942 952
904 993
963 907
950 948
914 930
960 904
922 929
991 971
984 958
988 909
914 902
997 969
987 997
963 929
953 933
943 948
985 999
941 901
906 991
949 920
973 961
976 996
990 967
919 926
925 959
987 991
913 985
912 901
982 927
982 987
960 925
935 998
976 929
999 982
920 900
954 946
961 931
942 903
950 961
930 928
973 917
971 986
902 984
987 936
911 969
924 972
946 911
940 921
956 913
973 911
959 934
994 953
937 944
966 919
924 939
989 996
926 991
980 913
980 991
935 956
915 981
967 937
910 960
973 935
923 984
921 917
937 911
914 903
930 990
943 919
986 969
963 966
934 995
910 969
951 977
951 970
967 907
930 929
967 955
965 943
939 986
912 928
997 978
932 928
969 927
999 955
948 914
974 934
909 936
913 907
931 980
914 913
962 933
921 927
976 960
913 941
941 963
919 925
943 988
996 952
909 922
986 918
910 990
979 923
949 962
956 915
927 918
901 948
997 929
961 910
970 902
925 990
927 968
930 979
963 978
983 972
900 969
942 910
912 973
986 961
935 994
929 915
912 930
963 961
911 924
971 982
926 949
917 906
936 932
985 919
956 937
989 999
900 901
972 986
914 908
932 995
975 996
925 938
957 989
915 928
971 993
929 947
953 935
931 938
955 988
987 976
949 959
914 915
919 946
911 994
977 900
979 948
993 961
995 992
960 901
939 987
931 967
983 918
995 984
930 909
999 901
907 910
999 933
900 928
985 932
977 978
993 924
923 953
925 903
996 917
942 928
984 977
998 980
961 980
941 960
934 949
950 922
967 903
950 952
987 979
930 980
956 905
985 933
908 981
950 902
961 987
979 912
919 940
992 960
953 926
909 976
960 912
950 927
915 952
979 954
932 910
934 940
967 971
925 976
952 928
930 966
915 910
978 934
902 922
994 955
901 956
920 933
941 987
986 920
941 970
982 975
962 950
998 987
978 902
915 908
968 930
970 998
916 973
973 963
928 974
971 912
997 928
930 983
901 971
905 983
998 967
985 996
955 963
998 922
924 967
905 994
936 948
916 907
912 956
950 909
936 980
945 937
951 950
921 901
970 906
997 925
922 996
947 946
915 904
940 984
926 960
975 962
908 943
922 972
999 924
933 936
905 978
973 908
981 946
910 951
905 907
928 927
955 927
925 970
932 917
977 982
924 937
977 998
909 977
923 995
965 928
973 990
936 906
989 946
909 994
906 989
917 950
984 901
967 991
963 945
925 987
982 902
986 944
931 909
939 948
989 964
939 977
923 980
976 932
974 982
922 999
995 991
949 931
944 916
974 907
913 951
994 948
906 932
993 983
938 982
999 929
960 974
959 935
970 933
934 965
924 935
903 923
927 917
975 973
965 981
906 961
970 999
944 908
989 994
982 981
933 952
914 967
969 938
954 918
910 958
942 937
962 944
902 968
905 972
920 901
933 906
948 922
952 970
973 934
951 906
986 965
926 955
955 980
926 965
990 968
902 969
989 917
913 991
985 970
915 957
923 900
915 972
975 967
942 948
901 994
954 939
911 932
947 967
913 973
993 939
956 942
973 993
913 940
951 936
941 966
960 916
934 903
964 987
949 970
927 912
903 974
979 968
947 916
975 940
955 952
974 911
995 999
939 907
996 932
926 909
948 912
999 913
935 926
977 990
952 909
958 999
925 985
938 917
991 933
945 956
955 993
988 981
902 989
993 966
953 944
979 940
971 909
918 992
927 943
978 970
923 968
988 966
953 904
913 998
912 920
991 953
942 946
960 947
991 992
940 914
901 922
989 919
915 968
914 945
939 989
913 927
955 966
931 920
964 944
941 955
997 994
901 991
993 962
938 984
906 930
950 907
978 920
960 944
965 999
933 930
926 940
948 909
905 953
919 954
900 921
945 993
935 936
929 941
966 979
900 971
970 930
943 982
981 907
990 959
947 938
969 959
901 902
902 903
903 904
904 905
905 906
906 907
907 908
908 909
909 910
910 911
911 912
912 913
916 917
917 918
918 919
919 920
920 921
921 922
922 923
923 924
924 925
925 926
926 927
928 929
930 931
931 932
932 933
933 934
934 935
936 937
937 938
938 939
939 940
940 941
941 942
942 943
943 944
944 945
945 946
947 948
948 949
949 950
951 952
952 953
953 954
954 955
955 956
956 957
957 958
958 959
959 960
960 961
961 962
962 963
963 964
964 965
965 966
966 967
967 968
968 969
969 970
970 971
971 972
972 973
973 974
974 975
975 976
976 977
978 979
979 980
980 981
982 983
983 984
984 985
985 986
986 987
987 988
988 989
989 990
990 991
992 993
993 994
994 995
995 996
996 997
997 998
998 999
999 900
0 900
