50
9 5
6 3
3 9
5 8
8 1
8 6
5 2
1 6
9 6
3 7
4 8
4 2
9 0
1 2
0 7
3 8
0 3
7 5
5 0
0 2
3 1
1 4
0 1
2 3
3 4
4 5
5 6
6 7
7 8
8 9
19 14
12 13
11 16
13 18
11 12
18 17
10 14
17 11
17 14
16 14
13 19
16 18
16 10
12 17
19 18
17 19
12 14
10 12
16 15
10 11
13 14
14 15
16 17
19 10
0 10
20 28
25 28
24 25
22 24
29 20
29 28
23 24
21 25
23 20
28 21
26 25
20 26
24 21
25 27
28 26
27 21
22 28
26 27
29 21
20 21
21 22
22 23
27 28
10 20
35 34
31 34
36 34
32 31
39 30
37 38
38 33
30 37
35 30
32 37
31 39
31 38
36 35
31 37
33 36
39 34
36 38
32 36
33 39
38 34
36 30
30 31
32 33
33 34
36 37
38 39
10 30
46 43
45 43
47 40
48 45
48 47
40 46
45 47
45 49
40 41
42 45
41 48
41 46
41 47
46 48
49 47
49 44
44 48
42 46
41 44
41 42
42 43
43 44
44 45
45 46
46 47
48 49
49 40
10 40
