250
36 32
48 7
34 37
3 4
37 9
34 32
24 11
32 26
33 36
15 14
39 12
47 48
31 9
10 15
23 7
15 11
39 13
18 25
3 24
31 40
33 17
22 9
28 7
35 12
43 0
26 34
15 26
35 46
35 45
13 8
2 28
19 41
42 40
18 45
14 49
37 47
16 9
7 47
18 44
9 11
45 37
48 12
13 33
8 49
28 23
1 31
24 43
21 43
40 35
44 27
34 13
39 41
10 7
36 19
21 33
8 19
45 22
4 5
23 34
28 34
15 29
17 42
25 38
37 15
25 33
45 10
46 34
1 8
43 39
27 14
22 38
35 19
24 37
24 2
21 41
34 39
35 9
29 24
26 5
8 21
15 6
7 18
15 1
8 44
15 32
32 3
2 44
44 28
31 20
33 5
12 17
44 49
24 4
30 34
28 45
14 5
36 24
0 4
8 34
31 3
41 12
17 38
41 13
37 21
25 19
47 3
41 33
45 27
33 15
32 42
28 13
46 19
27 20
45 47
8 36
10 47
9 1
11 34
48 33
23 44
12 30
43 46
47 25
38 27
40 36
48 18
6 43
17 16
31 29
14 40
31 27
27 4
44 34
2 17
30 14
49 23
0 1
1 2
2 3
5 6
6 7
7 8
8 9
9 10
10 11
11 12
12 13
13 14
15 16
17 18
18 19
19 20
20 21
21 22
22 23
23 24
24 25
25 26
26 27
27 28
28 29
29 30
30 31
31 32
32 33
33 34
34 35
35 36
36 37
37 38
38 39
39 40
40 41
41 42
42 43
43 44
44 45
45 46
46 47
48 49
49 0
78 91
89 76
61 98
70 78
64 51
60 80
92 91
57 69
97 95
90 91
81 92
60 61
56 61
86 69
61 87
72 89
81 61
66 94
61 86
75 76
89 85
58 83
78 66
54 75
63 94
68 94
86 80
55 95
66 54
83 90
94 64
53 60
60 65
98 85
93 89
72 51
73 50
69 77
77 82
72 97
76 60
77 83
57 70
77 73
75 60
63 71
76 67
83 86
84 81
74 77
70 96
78 95
99 98
73 78
82 97
76 59
59 55
94 67
76 71
90 53
83 56
76 61
75 59
50 59
92 74
86 64
72 64
60 73
64 85
52 97
84 80
58 93
85 52
60 63
76 53
66 61
59 94
73 84
53 73
93 95
99 81
60 71
95 72
97 62
57 51
61 91
81 69
84 66
73 95
80 99
61 59
93 86
93 98
59 88
94 60
69 56
83 66
78 80
78 85
81 91
78 62
60 62
59 63
85 59
63 98
68 58
84 63
57 95
55 72
59 89
91 87
71 69
74 53
63 52
67 73
66 98
59 78
63 95
87 77
95 58
85 80
73 94
97 85
51 56
76 92
64 69
52 77
73 70
52 90
70 62
68 84
59 57
61 54
67 98
86 91
93 64
70 90
51 71
99 77
76 80
66 79
59 91
99 61
50 51
51 52
52 53
53 54
54 55
55 56
56 57
57 58
58 59
59 60
61 62
62 63
63 64
64 65
65 66
66 67
67 68
68 69
69 70
70 71
71 72
72 73
73 74
74 75
76 77
77 78
78 79
79 80
80 81
81 82
82 83
83 84
84 85
85 86
86 87
87 88
88 89
89 90
92 93
93 94
94 95
95 96
96 97
97 98
99 50
0 50
121 123
101 105
132 111
118 139
128 117
125 121
112 141
141 104
142 115
103 121
131 148
148 113
116 127
122 107
128 133
141 149
107 144
105 141
107 123
130 136
142 108
109 106
149 103
111 142
118 114
113 101
114 111
114 130
140 136
140 118
119 131
118 128
127 125
122 135
100 102
123 145
112 132
101 112
135 112
106 105
127 119
106 143
133 122
124 125
108 114
144 130
147 114
108 124
139 132
109 139
135 132
134 149
117 138
111 104
100 117
112 129
139 120
123 124
143 149
149 101
115 145
131 112
109 142
138 100
124 100
140 111
134 126
111 101
116 124
108 117
142 120
148 133
140 123
107 133
122 106
137 139
102 120
103 111
114 142
112 139
142 104
102 126
132 115
130 149
140 138
118 134
110 116
142 124
136 116
132 123
106 134
143 109
148 108
103 112
149 147
118 103
126 100
119 108
146 119
147 108
138 116
108 130
140 146
148 124
119 104
111 115
116 109
119 141
127 145
143 148
103 145
126 119
138 118
116 137
143 137
143 104
102 109
115 127
131 138
103 102
131 133
147 124
133 102
121 147
105 138
107 116
146 136
137 135
104 105
122 149
143 115
105 147
127 122
127 110
110 132
118 101
115 139
148 120
129 107
136 126
143 125
100 101
101 102
103 104
106 107
107 108
108 109
109 110
110 111
111 112
112 113
113 114
114 115
115 116
116 117
117 118
118 119
119 120
120 121
121 122
122 123
125 126
126 127
127 128
128 129
129 130
130 131
131 132
132 133
133 134
134 135
135 136
136 137
137 138
138 139
139 140
140 141
141 142
142 143
143 144
144 145
145 146
146 147
147 148
148 149
149 100
50 100
150 181
185 151
174 152
159 173
179 181
150 191
194 183
153 187
150 164
155 151
181 197
176 159
189 152
154 165
163 156
196 150
160 172
153 169
195 184
152 198
176 196
184 183
198 191
185 179
188 186
181 167
197 172
169 154
187 185
160 185
185 170
157 188
191 155
175 194
190 184
184 176
169 182
170 154
162 160
193 195
177 190
169 197
196 159
182 157
194 169
179 154
158 171
159 185
167 162
188 159
198 172
188 167
157 158
174 171
168 167
166 198
197 156
194 179
165 191
150 194
195 160
167 156
170 183
194 168
158 182
187 165
192 161
186 162
180 154
160 192
191 157
150 188
188 165
179 189
161 176
151 181
182 197
167 154
180 161
172 188
195 161
155 189
175 191
152 155
195 164
199 187
172 199
177 162
166 156
153 180
184 155
161 168
154 178
172 184
192 196
175 189
179 182
174 181
190 171
195 191
160 169
193 187
184 159
195 189
191 179
196 154
199 150
185 171
187 177
167 164
168 177
196 197
161 172
180 151
196 178
195 156
199 188
196 183
199 193
175 171
195 174
172 180
159 165
175 178
192 171
177 156
194 158
159 190
186 154
198 185
190 196
185 165
167 180
163 187
152 172
155 177
152 199
199 180
155 195
150 151
151 152
152 153
153 154
154 155
155 156
156 157
158 159
159 160
160 161
161 162
162 163
163 164
164 165
165 166
166 167
168 169
169 170
170 171
171 172
172 173
173 174
174 175
175 176
176 177
177 178
178 179
179 180
180 181
181 182
182 183
184 185
185 186
186 187
187 188
188 189
189 190
190 191
191 192
192 193
193 194
194 195
195 196
197 198
198 199
0 150
215 237
226 219
237 213
214 234
234 206
226 230
200 223
232 243
236 222
246 211
229 223
213 228
224 245
234 221
235 249
210 211
220 248
225 234
234 211
242 210
244 233
203 246
209 237
239 247
211 235
208 240
211 224
219 235
219 205
209 205
206 219
218 226
219 245
211 203
209 203
215 203
239 220
249 248
210 238
247 221
226 206
214 237
232 235
224 201
240 233
208 248
205 229
224 237
230 233
243 247
238 232
218 239
232 230
228 229
201 204
237 217
243 219
202 217
223 244
203 231
242 208
212 217
234 237
206 214
222 249
214 213
231 234
202 215
214 230
247 217
236 234
235 231
206 237
249 229
234 202
212 226
212 225
245 246
214 202
213 238
201 227
201 235
213 204
202 227
236 249
244 225
236 231
206 244
221 207
225 205
211 237
231 223
214 229
222 230
219 234
214 222
221 227
228 224
206 217
225 202
244 213
210 232
212 223
222 245
224 221
219 207
244 222
212 215
201 243
241 207
210 219
209 204
232 245
206 242
202 218
226 216
244 248
212 243
237 238
246 222
246 242
246 210
207 247
203 201
206 213
222 217
215 228
248 217
246 225
236 242
225 248
235 214
220 234
223 218
226 221
218 234
239 226
200 211
244 219
200 201
201 202
202 203
203 204
204 205
205 206
206 207
207 208
208 209
209 210
211 212
212 213
214 215
215 216
216 217
217 218
218 219
219 220
220 221
221 222
222 223
223 224
224 225
225 226
226 227
227 228
229 230
230 231
231 232
232 233
233 234
234 235
235 236
236 237
238 239
239 240
240 241
241 242
242 243
243 244
244 245
246 247
247 248
249 200
50 200
